1	0	0
0.99709	0.00089	0
0.98872	0.00358	0
0.9756	0.00786	0
0.95825	0.01312	0
0.93676	0.01872	0
0.911	0.02438	0
0.8811	0.03013	0
0.84742	0.03592	0
0.81035	0.0416	0
0.77029	0.04706	0
0.72768	0.05213	0
0.68292	0.05667	0
0.63645	0.06056	0
0.5887	0.0637	0
0.54011	0.06603	0
0.49112	0.0675	0
0.44221	0.06812	0
0.39386	0.0679	0
0.34657	0.06684	0
0.30081	0.06494	0
0.25704	0.06224	0
0.21568	0.05876	0
0.17712	0.05455	0
0.14174	0.04968	0
0.10985	0.04419	0
0.08172	0.03819	0
0.05757	0.03178	0
0.03755	0.02511	0
0.02177	0.01834	0
0.01029	0.01171	0
0.00309	0.00552	0
0.00002	0.00037	0
0.00215	-0.00294	0
0.01011	-0.00495	0
0.02341	-0.00605	0
0.04208	-0.00604	0
0.06606	-0.00501	0
0.09525	-0.00303	0
0.12945	-0.00027	0
0.16836	0.00309	0
0.21161	0.00683	0
0.25871	0.01074	0
0.30912	0.01463	0
0.36222	0.01831	0
0.41736	0.0216	0
0.47382	0.02438	0
0.53087	0.02651	0
0.58776	0.0279	0
0.64373	0.02848	0
0.698	0.02823	0
0.74983	0.02714	0
0.7985	0.02526	0
0.8433	0.02264	0
0.8836	0.0194	0
0.9188	0.01564	0
0.94833	0.01149	0
0.97147	0.00713	0
0.98763	0.00329	0
0.99697	0.00082	0
1	0	0