0006 100000.000000 0.010427 -0.000818 0.000710 3
0006 300000.000000 0.008240 -0.005557 0.001966 6
0006 500000.000000 0.006984 -0.005151 0.001800 7
0006 1500000.000000 0.004727 -0.002583 0.001005 6
0006 4000000.000000 0.007782 -0.006611 0.001584 7
0006 9000000.000000 0.007895 -0.006394 0.001375 7
0006 15000000.000000 0.007297 -0.004515 0.000984 7
0006 50000000.000000 0.009265 -0.007817 0.001435 8
0009 100000.000000 0.012978 0.000288 -0.000078 3
0009 300000.000000 0.007373 -0.000172 0.000282 3
0009 500000.000000 0.005424 0.000293 0.000233 4
0009 1500000.000000 0.006471 -0.002186 0.000513 9
0009 4000000.000000 0.005743 -0.001180 0.000276 9
0009 9000000.000000 0.007175 -0.002420 0.000393 10
0009 15000000.000000 0.006881 -0.002073 0.000330 10
0009 50000000.000000 0.006007 -0.001311 0.000212 10
0012 100000.000000 0.018643 -0.003365 0.000736 8
0012 300000.000000 0.007999 0.000174 0.000210 3
0012 500000.000000 0.006677 -0.000052 0.000211 4
0012 1500000.000000 0.005801 -0.000282 0.000155 10
0012 4000000.000000 0.006215 -0.000819 0.000170 12
0012 9000000.000000 0.005813 -0.000528 0.000114 12
0012 15000000.000000 0.006508 -0.001055 0.000156 13
0012 50000000.000000 0.007974 0.000275 0.000173 6
0015 100000.000000 0.019640 -0.000142 0.000068 4
0015 300000.000000 0.009341 -0.000043 0.000191 5
0015 500000.000000 0.008005 -0.000232 0.000176 6
0015 1500000.000000 0.006563 -0.000249 0.000121 10
0015 4000000.000000 0.006068 -0.000261 0.000094 12
0015 9000000.000000 0.011127 -0.001535 0.000358 12
0015 15000000.000000 0.005839 -0.000324 0.000076 14
0015 50000000.000000 0.005476 -0.000240 0.000057 15
1408 100000.000000 0.012753 0.001253 -0.000375 3
1408 300000.000000 0.008872 -0.003620 0.000990 8
1408 500000.000000 0.006970 -0.002625 0.000775 8
1408 1500000.000000 0.005166 -0.001266 0.000427 8
1408 4000000.000000 0.006580 -0.002522 0.000509 9
1408 9000000.000000 0.006455 -0.002037 0.000378 9
1408 15000000.000000 0.007825 -0.002174 0.000741 7
1410 100000.000000 0.015447 -0.001302 0.000338 5
1410 300000.000000 0.007947 -0.000808 0.000366 7
1410 500000.000000 0.005844 0.000439 0.000075 3
1410 1500000.000000 0.005704 -0.000862 0.000268 10
1410 4000000.000000 0.006192 -0.001269 0.000254 11
1410 9000000.000000 0.006062 -0.001026 0.000192 11
1410 15000000.000000 0.016737 -0.008847 0.001365 12
1410 50000000.000000 0.007947 -0.000808 0.000366 7
1412 100000.000000 0.018431 -0.003152 0.000636 9
1412 300000.000000 0.008064 0.000592 0.000022 4
1412 500000.000000 0.006712 0.000078 0.000153 6
1412 1500000.000000 0.005504 -0.000136 0.000139 10
1412 4000000.000000 0.005782 -0.000507 0.000140 12
1412 9000000.000000 0.006105 -0.000748 0.000140 13
1412 15000000.000000 0.005892 -0.000584 0.000113 13
1412 50000000.000000 0.025376 -0.011482 0.001348 15
1415 100000.000000 0.019580 -0.000254 0.000032 3
1415 300000.000000 0.009371 0.000130 0.000149 4
1415 500000.000000 0.008008 -0.000177 0.000161 5
1415 1500000.000000 0.009308 0.000300 0.000101 7
1415 4000000.000000 0.009623 -0.000091 0.000163 9
1415 9000000.000000 0.005898 -0.000337 0.000092 13
1415 15000000.000000 0.005976 -0.000426 0.000091 14
1415 50000000.000000 0.006265 -0.000601 0.000090 16
2408 100000.000000 0.014767 0.000101 -0.000047 3
2408 300000.000000 0.008128 -0.002322 0.000707 8
2408 500000.000000 0.006416 -0.001653 0.000562 8
2408 1500000.000000 0.004800 -0.000583 0.000294 8
2408 4000000.000000 0.005721 -0.001374 0.000330 9
2408 9000000.000000 0.010256 -0.004622 0.001032 10
2408 15000000.000000 0.008128 -0.002322 0.000707 8
2408 50000000.000000 0.006741 -0.001946 0.000312 10
2410 100000.000000 0.016103 -0.000810 0.000235 6
2410 300000.000000 0.008223 -0.001031 0.000372 8
2410 500000.000000 0.006745 -0.000857 0.000331 9
2410 1500000.000000 0.005454 -0.000522 0.000218 10
2410 4000000.000000 0.005702 -0.000772 0.000196 11
2410 9000000.000000 0.013324 -0.005599 0.000926 12
2410 15000000.000000 0.006446 -0.001236 0.000202 12
2410 50000000.000000 0.009239 -0.002121 0.000525 10
2412 100000.000000 0.016768 -0.000393 0.000184 7
2412 300000.000000 0.008227 0.000521 0.000013 3
2412 500000.000000 0.006851 0.000301 0.000064 4
2412 1500000.000000 0.005686 -0.000278 0.000157 10
2412 4000000.000000 0.005502 -0.000277 0.000120 11
2412 9000000.000000 0.005413 -0.000234 0.000094 12
2412 15000000.000000 0.005595 -0.000360 0.000096 13
2412 50000000.000000 0.021227 -0.009369 0.001129 15
2415 100000.000000 0.019603 -0.000294 0.000168 8
2415 300000.000000 0.009587 0.000136 0.000168 3
2415 500000.000000 0.008212 -0.000143 0.000157 4
2415 1500000.000000 0.006893 -0.000524 0.000155 8
2415 4000000.000000 0.006239 -0.000479 0.000129 11
2415 9000000.000000 0.009559 0.000378 0.000064 7
2415 15000000.000000 0.005803 -0.000348 0.000093 13
2415 50000000.000000 0.009486 0.000500 0.000040 5
2418 100000.000000 0.022035 0.000920 -0.000041 4
2418 300000.000000 0.011104 -0.000100 0.000178 4
2418 500000.000000 0.009484 -0.000242 0.000142 5
2418 1500000.000000 0.007697 -0.000487 0.000131 8
2418 4000000.000000 0.010908 0.000316 0.000077 8
2418 9000000.000000 0.011544 -0.000370 0.000174 10
2418 15000000.000000 0.006080 -0.000379 0.000096 12
2418 50000000.000000 0.011077 -0.000025 0.000156 5
2421 100000.000000 0.025580 0.000583 0.000265 4
2421 300000.000000 0.012701 -0.000221 0.000166 6
2421 500000.000000 0.010847 -0.000459 0.000166 7
2421 1500000.000000 0.008738 -0.000754 0.000169 10
2421 4000000.000000 0.007623 -0.000753 0.000151 11
2421 9000000.000000 0.006604 -0.000347 0.000096 10
2421 15000000.000000 0.006390 -0.000381 0.000097 11
2421 50000000.000000 0.005914 -0.000309 0.000082 12
2424 100000.000000 0.029828 0.003458 -0.000110 4
2424 300000.000000 0.014417 -0.000437 0.000190 7
2424 500000.000000 0.012234 -0.000614 0.000199 8
2424 1500000.000000 0.014462 -0.000511 0.000204 9
2424 4000000.000000 0.008444 -0.000992 0.000188 12
2424 9000000.000000 0.007257 -0.000563 0.000129 11
2424 15000000.000000 0.007076 -0.000674 0.000136 12
2424 50000000.000000 0.006377 -0.000487 0.000107 12
4410 100000.000000 0.017598 0.000500 0.000078 8
4410 300000.000000 0.008230 0.000280 0.000108 7
4410 500000.000000 0.007615 -0.000506 0.000217 7
4410 1500000.000000 0.006667 -0.000979 0.000261 9
4410 4000000.000000 0.005713 -0.000491 0.000168 10
4410 9000000.000000 0.005281 -0.000208 0.000115 11
4410 15000000.000000 0.004985 -0.000042 0.000086 11
4410 50000000.000000 0.015272 -0.005931 0.000880 14
4412 100000.000000 0.018218 0.001178 0.000029 9
4412 300000.000000 0.009081 0.000326 0.000086 8
4412 500000.000000 0.008337 -0.000318 0.000154 8
4412 1500000.000000 0.009689 -0.000390 0.000195 9
4412 4000000.000000 0.006434 -0.000877 0.000199 9
4412 9000000.000000 0.005584 -0.000360 0.000125 10
4412 15000000.000000 0.005239 -0.000153 0.000094 11
4412 50000000.000000 0.009689 -0.000390 0.000195 9
4415 100000.000000 0.021033 0.000627 0.000247 8
4415 300000.000000 0.010813 -0.000258 0.000248 3
4415 500000.000000 0.009548 -0.000152 0.000108 7
4415 1500000.000000 0.008094 -0.000896 0.000183 9
4415 4000000.000000 0.006942 -0.000731 0.000150 8
4415 9000000.000000 0.006096 -0.000495 0.000123 8
4415 15000000.000000 0.005658 -0.000272 0.000099 9
4415 50000000.000000 0.005232 -0.000091 0.000075 12
4418 100000.000000 0.026152 -0.001403 0.001225 3
4418 300000.000000 0.012435 -0.000590 0.000360 3
4418 500000.000000 0.011099 -0.000713 0.000195 10
4418 1500000.000000 0.008950 -0.000947 0.000189 10
4418 4000000.000000 0.007445 -0.000668 0.000137 9
4418 9000000.000000 0.006519 -0.000451 0.000110 9
4418 15000000.000000 0.006038 -0.000291 0.000093 9
4418 50000000.000000 0.005617 -0.000281 0.000097 11
4421 100000.000000 0.015858 -0.001696 0.000335 13
4421 300000.000000 0.014046 -0.000502 0.000278 4
4421 500000.000000 0.012317 -0.000758 0.000217 10
4421 1500000.000000 0.009934 -0.001101 0.000227 11
4421 4000000.000000 0.008295 -0.000952 0.000185 11
4421 9000000.000000 0.007004 -0.000516 0.000126 10
4421 15000000.000000 0.006522 -0.000411 0.000113 10
4421 50000000.000000 0.006230 -0.000431 0.000111 10
4424 100000.000000 0.015643 -0.000165 0.000164 4
4424 300000.000000 0.015719 -0.000383 0.000228 5
4424 500000.000000 0.013638 -0.000729 0.000239 10
4424 1500000.000000 0.010590 -0.000681 0.000205 10
4424 4000000.000000 0.009156 -0.000751 0.000174 10
4424 9000000.000000 0.015800 -0.000396 0.000217 10
4424 15000000.000000 0.007061 -0.000513 0.000139 11
4424 50000000.000000 0.006617 -0.000700 0.000155 12
21010 100000.000000 0.015613 -0.003359 0.001045 8
21010 300000.000000 0.007385 0.000981 0.000187 3
21010 500000.000000 0.007123 0.000200 0.000251 4
21010 1500000.000000 0.007562 -0.000930 0.000270 5
21010 4000000.000000 0.008032 -0.001349 0.000196 13
21010 9000000.000000 0.007181 -0.000940 0.000129 12
21010 15000000.000000 0.011221 -0.003359 0.000813 10
21010 50000000.000000 0.015737 -0.007474 0.001315 11
21012 100000.000000 0.017296 -0.002714 0.000808 8
21012 300000.000000 0.008110 0.000891 0.000140 5
21012 500000.000000 0.006897 0.000265 0.000256 4
21012 1500000.000000 0.006728 -0.000366 0.000168 11
21012 4000000.000000 0.007033 -0.000691 0.000135 13
21012 9000000.000000 0.008871 -0.002788 0.000824 16
21012 15000000.000000 0.012722 -0.005026 0.001008 15
21012 50000000.000000 0.006252 -0.000565 0.000072 14
21015 100000.000000 0.019613 -0.000032 0.000022 3
21015 300000.000000 0.009467 0.000146 0.000231 4
21015 500000.000000 0.008047 -0.000068 0.000220 6
21015 1500000.000000 0.006694 -0.000016 0.000116 10
21015 4000000.000000 0.006250 0.000018 0.000065 11
21015 9000000.000000 0.012472 -0.002321 0.000503 12
21015 15000000.000000 0.007034 -0.000711 0.000099 16
21015 50000000.000000 0.019000 -0.007577 0.001069 17
22010 100000.000000 0.014385 -0.001699 0.000721 8
22010 300000.000000 0.008336 0.000339 0.000199 9
22010 500000.000000 0.006792 0.000994 0.000022 4
22010 1500000.000000 0.007702 -0.001000 0.000246 5
22010 4000000.000000 0.008259 -0.001698 0.000226 13
22010 9000000.000000 0.023852 -0.010601 0.001271 15
22010 15000000.000000 0.023852 -0.010601 0.001271 15
22010 50000000.000000 0.023852 -0.010601 0.001271 15
22012 100000.000000 0.016049 -0.001333 0.000604 8
22012 300000.000000 0.008350 0.001319 0.000017 4
22012 500000.000000 0.007394 0.000561 0.000106 10
22012 1500000.000000 0.006991 -0.000254 0.000108 13
22012 4000000.000000 0.022888 -0.010048 0.001265 14
22012 9000000.000000 0.009212 0.000206 0.000205 10
22012 15000000.000000 0.012319 -0.002406 0.000502 12
22012 50000000.000000 0.008953 0.000471 0.000169 9
22015 100000.000000 0.019420 -0.000460 0.000322 3
22015 300000.000000 0.009606 0.000432 0.000220 4
22015 500000.000000 0.008164 0.000269 0.000164 5
22015 1500000.000000 0.006905 0.000133 0.000071 10
22015 4000000.000000 0.007080 -0.000461 0.000094 14
22015 9000000.000000 0.007707 -0.000834 0.000104 15
22015 15000000.000000 0.006819 -0.000629 0.000085 15
22015 50000000.000000 0.005959 -0.000383 0.000056 14
23010 100000.000000 0.013695 -0.000476 0.000477 8
23010 300000.000000 0.009427 -0.000234 0.000196 11
23010 500000.000000 0.006826 0.001150 -0.000062 3
23010 1500000.000000 0.008310 -0.001625 0.000261 12
23010 4000000.000000 0.007303 -0.001313 0.000196 12
23010 9000000.000000 0.018032 -0.006632 0.000853 14
23010 15000000.000000 0.018032 -0.006632 0.000853 14
23010 50000000.000000 0.018032 -0.006632 0.000853 14
23012 100000.000000 0.015906 -0.000781 0.000501 8
23012 300000.000000 0.008727 0.001492 -0.000081 4
23012 500000.000000 0.007350 0.000988 -0.000006 5
23012 1500000.000000 0.007276 -0.000591 0.000136 12
23012 4000000.000000 0.007259 -0.000958 0.000144 12
23012 9000000.000000 0.006936 -0.000994 0.000136 13
23012 15000000.000000 0.006582 -0.000932 0.000126 14
23012 50000000.000000 0.010011 0.000016 0.000165 12
23015 100000.000000 0.019478 0.000083 0.000235 3
23015 300000.000000 0.009826 0.000847 0.000113 4
23015 500000.000000 0.008406 0.000442 0.000106 5
23015 1500000.000000 0.007111 -0.000001 0.000069 10
23015 4000000.000000 0.006933 -0.000423 0.000083 12
23015 9000000.000000 0.010332 0.000497 0.000124 11
23015 15000000.000000 0.006582 -0.000638 0.000089 13
23015 50000000.000000 0.005977 -0.000551 0.000078 14
23018 100000.000000 0.022191 0.000804 0.000180 5
23018 300000.000000 0.011144 0.000356 0.000182 5
23018 500000.000000 0.009550 0.000133 0.000139 7
23018 1500000.000000 0.007847 -0.000100 0.000084 10
23018 4000000.000000 0.011172 0.000513 0.000133 11
23018 9000000.000000 0.006973 -0.000565 0.000088 14
23018 15000000.000000 0.006600 -0.000492 0.000076 14
23018 50000000.000000 0.013220 -0.001217 0.000317 13
24010 100000.000000 0.012928 0.001016 0.000185 10
24010 300000.000000 0.009633 -0.000423 0.000200 10
24010 500000.000000 0.006990 0.001095 -0.000115 3
24010 1500000.000000 0.007222 -0.001133 0.000221 11
24010 4000000.000000 0.006829 -0.001214 0.000198 12
24010 9000000.000000 0.018079 -0.006971 0.000900 14
24010 15000000.000000 0.018079 -0.006971 0.000900 14
24010 50000000.000000 0.018079 -0.006971 0.000900 14
24012 100000.000000 0.015846 -0.000149 0.000364 8
24012 300000.000000 0.009120 0.001450 -0.000160 3
24012 500000.000000 0.007607 0.000870 -0.000022 5
24012 1500000.000000 0.006971 -0.000610 0.000144 11
24012 4000000.000000 0.006869 -0.000968 0.000156 12
24012 9000000.000000 0.006348 -0.000870 0.000134 13
24012 15000000.000000 0.006286 -0.000862 0.000126 14
24012 50000000.000000 0.022617 -0.007739 0.000863 16
24015 100000.000000 0.020198 -0.000275 0.000335 4
24015 300000.000000 0.010232 0.001093 0.000001 6
24015 500000.000000 0.008642 0.000396 0.000090 4
24015 1500000.000000 0.007029 -0.000125 0.000078 10
24015 4000000.000000 0.006552 -0.000461 0.000093 11
24015 9000000.000000 0.010838 0.000449 0.000093 11
24015 15000000.000000 0.006450 -0.000758 0.000108 13
24015 50000000.000000 0.010260 0.000999 0.000032 3
24018 100000.000000 0.023718 0.000651 0.000177 4
24018 300000.000000 0.011543 0.000390 0.000162 4
24018 500000.000000 0.009729 0.000204 0.000106 6
24018 1500000.000000 0.011320 0.000854 0.000062 10
24018 4000000.000000 0.006988 -0.000417 0.000086 12
24018 9000000.000000 0.006780 -0.000607 0.000093 13
24018 15000000.000000 0.006585 -0.000590 0.000087 13
25010 100000.000000 0.013319 0.001153 0.000100 9
25010 300000.000000 0.009597 -0.000529 0.000206 9
25010 500000.000000 0.007075 0.000851 -0.000093 3
25010 1500000.000000 0.005380 0.000098 0.000062 6
25010 4000000.000000 0.006441 -0.001183 0.000206 12
25010 9000000.000000 0.005964 -0.000874 0.000151 12
25010 15000000.000000 0.017950 -0.007184 0.000939 14
25010 50000000.000000 0.017950 -0.007184 0.000939 14
25012 100000.000000 0.015354 0.000918 0.000154 10
25012 300000.000000 0.009454 0.001259 -0.000185 3
25012 500000.000000 0.008326 -0.000251 0.000138 10
25012 1500000.000000 0.006769 -0.000741 0.000170 11
25012 4000000.000000 0.006410 -0.000885 0.000159 12
25012 9000000.000000 0.006130 -0.000804 0.000134 13
25012 15000000.000000 0.005813 -0.000637 0.000110 13
25012 50000000.000000 0.020388 -0.007365 0.000862 16
25018 100000.000000 0.025069 0.000232 0.000229 4
25018 300000.000000 0.011510 0.000769 0.000061 5
25018 500000.000000 0.009631 0.000227 0.000090 6
25018 1500000.000000 0.007566 -0.000278 0.000095 10
25018 4000000.000000 0.006854 -0.000471 0.000093 11
25018 9000000.000000 0.006725 -0.000662 0.000102 12
25018 15000000.000000 0.006756 -0.000813 0.000114 13
25018 50000000.000000 0.005989 -0.000482 0.000078 13
